,full_text
0,covid
1,fundraise western nutjob con exactly constituent southern ontario idea really matter ride gun bs religious freedomi hope get pander rube fear fail strategy
2,true one could ever time market well stay invest one point time think nifty reach precovid level dream think nifty crash precovid high bargain
3,hypocrite delay amp delay amp delay senate covid stimulus proposal month amp month amp month dems evil create problem demand answer wrong first place do not give
4,hope report back many take home covid
5,kid line little people get polio vaccine man ill line cov
6,desperate pleas icu bed mom via son frantically try find hospital icu bed w ecmo save mom
7,covid update december enough attention play villainous role mitch mcconnell senate thi
8,medtec send trust worthy ppe product different country continue fight everyone health safety find good discount code bfmilamedtecscanhelp
9,global chair milton cheng speak part feature reflect
10,hi jon currently offer drivethrough screening mean must motorised vehicle include taxi many thank ac
11,also us president woodrow wilson try pretend contagion exist attempt ban
12,cmon doc can not compare county use per rate without consider population like one population
13,many country do good recent experience respond sars mer amp disease outbreak
14,donald trump care american people
15,must really inconvenient people communist country suffer less covid
16,fuck anyone try shit
17,nothing okay republican watch americans suffer know helpsenatemajldr find
18,govt try give impression handle crisis wellit liecovid death past day
19,outbreak death funeral service istanbul december photo sedat sunamore pictures caption check
20,pass terrible milestone covid death brexit turn us nation lorry park
21,kid line little people get polio vaccine man ill line cov
22,stop deportation status nowstatusforall unstatutpourtouscanada resume deportation guardian
23,themenzoid speak owner nobletoyz open store breaking peel region lockdown orde
24,pandemic cause lamar dodd art center close door public cancel annual senior exit exhibition faculty spring action find way showcase student art read unlockyourpossibility
25,actual number doctor name directly quote article
26,calhoun county confirm probable covid death nearly infect infection past two week high rate spread ever
27,world dey challenge nonstop lockdown great cos house gospel great song
28,since test kit wuhan way detect confirm case blind beijing c
29,hear happen evict wmarshal covid family need cancelrent halt eviction housin
30,do not see relief measure pass next week two democracy existentially brokenif
31,yed keep go johnson door would great
32,yesterday house democrats continue block vote extend ppp instead vote tiger king bill today
33,sdpi conference december conference times sdpi
34,german medium run headline sex buyer prostitution way get bodily contact imag
35,powerful anything today watch cdnpoli mbpoli coronavirus
36,public distribution coronavirus vaccine congress make felony company doctor practic
37,wear bra every time leave house protect other hypnotize magnificent boob you all
38,big pandemic go right kill close american
39,today update numbersof test report yesterday positive totaltotal hospi
40,anyone that s shutdown area do not want go pandemic telehealth vet visit do not know today take care pup
41,scottie pipen stay sign bad contract
42,horrifying
43,covid petri dish
44,roughly americans die every day well part decadeat begin pandemic number close per daythe last month despite record breaking case every day number back
45,covid arik air declare worker redundant arikair sack worker
46,move florida fully open governor support lockdown weather fabulous
47,congratulation presidentelect ficcispeak fa
48,anybody know get antibody test do covid
49,I m announce public awareness campaign build confidence amp preparedness nassau county vaccine
50,do not forget rest horrible little lot
51,march day nba shut amp we total lt know case hold zoom call advise healthcare amp spiritual leader come pandemic
52,covid get we anxious whether could even make past month june god good we ghanaians
53,I ve battle month get basic blood test child ongoing issue since ha
54,there s good psychology guardian article talk people embrace conspiracy theory effecti
55,customerexperience fail safety passenger responsibility enable passenger behavior like mess risk passenger seat distance mask enforcement present cxfail
56,louisville basketball literally win four gamesthe universe team covidncaa heres response
57,profound thank raise awareness critical need
58,fuck supermarket advert tell shop safe persist charade everybody know covid comp
59,biden want americans wear mask day who s
60,fauci accept biden offer chief medical adviser
61,never say conspiracy imaginary epidemic time refusal even entertain idea measurement issue could lead we overestimate covid impact push policy direction substantially harm good do would fringe
62,johns hopkins study expose covid death hoax relabele grand scalevideo alternative
63,much prefer pandemicstyle wait front wait back mammogram waiting roomgot shuck shirt amp bra exam room squish later donea friendly reminder folk get mammograms cervical cancer screening schedule
64,covid test hurt af tear roll eye istg
65,tool we homie find likely they re get covid vaccine
66,hahah listen lisa
67,tell ya electionsmatter
68,
69,covid winter hard know what s safe what s appropriate ask epidemiologist they re live
70,break maryland set single day record new coronavirus case add high tha
71,highly relevant blm climate also apply indigenous people canada give force sterilization report medium within past year undrip demand still meet mass incarceration prevail
72,republican party first deny climate change evolutionthen covid masksnow democracy election
73,you ve expose covid take day become infectious big risk day fo
74,you re pro fascism pro covid get
75,review government handle pandemic accuse minister gamble uks future rel
76,ircc strategic blunder since pandemic start ignore marchaprilmayjune expiredcopr
77,inject every limb body eyeball
78,I ve know since law student bankruptcy class year ago answer snotty question
79,congratulation friendtwitterfamily famousfriend
80,consider expect covid relate pretty encouraging
81,you ve failed repeatedly elect vote you re act like internet troll point hope hart succeed get legal vote count stay home iowa deserve soooo much well trump marionette
82,socialworker icymi openenrollment underway dec coverage pleaseshare client con
83,we coronavirus surge since october maskup folk have not even see worst yet damn screw covi
84,interesting seminar morning put important part industry association together thistooshallpass here keep positive eventprofs event eventplanner
85,know exactly issue stay homeathome order pay everyone month safe reopen crea
86,coronavirus expose vulnerability can not let pandemic divide us statement
87,portage county elevate purple threat level response urge tenant wear mask common area aselevatorshallwayslobbysuniversityinn kentapartment kentohio socialdistance mask public
88,new article w affect urban slum article base ph
89,I ve sick first covid postcovid symptom since april write mostly well p
90,let honestmany black person refuse take covid vaccine bc we do not trust white people
91,cdc forecast death week end dec
92,another six people die people test positive virus since yesterdaymore detail
93,tune todays town hall hear ceo other discuss current state pandemic vacci
94,flash sale end midnight sunday
95,trump narcissist pathological liar allow americans die truth dr fauci never work judy fraud thief fake science xmrv toxic legacy dr judy mikovits
96,think hard trump little lackey work subvert democracy people think back february pandemic begin rest year shocking criminal
97,say anything polio existence polio prove everything medium say do not say virus do not exist pal I m ponitng fact you re take whatever medium say never doubt
98,mitch mcconnell happily engineer recession win party election
99,packing gym bag drive minute realize gym close lockdown anyway get pringle store instead back home
100,true make fake datum do not help mask social distance wash handsstay home
101,president campuses california state university system urge delay resumption facetoface instruction reassess plan end fall term begin spring term amid dramatic surge
102,think this s mzee meantit madness conduct election virus persist
103,planning prevail prayer
104,pandemic teach america one thing I d stun
105,morningjoe maga one example know trump do not give shit americans last tweet pre tr
106,you ve expose covid take day become infectious big risk day fo
107,respect necessaryanswer none death destruction america result trump put hi
108,theboyzs kevin jacob test negative
109,pima county summary case death
110,happen today democrats try legalize marijuana instead help small business hurt
111,start pandemic secure personal protective equipment supply top priority hospital leader face staffing shortage see hospital handle late issue
112,ooohhh right end child need get vaccine see grandparent want
113,please see update thursday december report
114,bad covid get read new winter forecast find
115,yeah portland senator representative leading charge can not think name let antifa ruin constituency
116,second wave europes coronavirus outbreak become deadly first world rich club natio
117,trump would never think anyone would make huge difference many
118,jobopene richfield minnesota application architectremote till covid abaterequired skill developdeploy solution azure docker experience microsoft net corefor info minnesota hiring
119,wild trump supporter believe there s voter fraud zero evidence still do not believe there s cr
120,ut martin men basketball program announce pause basketball activity due covid testing proto
121,shame other might make feel good rarely correct bad behavior
122,plus drag ericanlewedim ericanlewedim
123,open
124,collaboration yield may third vaccine candidate gain approval general publicif uncertainty datum
125,come know read summary session w registration httpstcojxnxnukneb
126,randoxofficial company play significant role uks testing announce plan open new lab exist dungloe facility donegal
127,may cause social distance social distancing could never cause st dunstan college commemorate annual remembrance day
128,download app today protect friend family quick way find you ve contact someone ios android
129,icymi syracuse mens basketball positive covid test announce yesterday
130,wonderful never go movie theater christmas holiday always pack pandemic dec enjoy movie home make part christmas break
131,forever day think well see significant reduction joe biden tell cnn also say would happy get coronavirus vaccine publicly way encourage trust
132,we ve first postlockdown customer week maza bruce molly first pay bertiessalon visit yesterday december limit availability quick you re want try get pet book
133,wonder ryze rererereworked award head instagram find take home final award check twitter instagram saturday sunday stay date allstar event
134,chiropractor join demonstrate stretch help combat muscle pain winter month work home neck back hurt try stretch sooth ache pain wfh
135,arrest couple arrest hawaii airport travel flight despite know infect
136,rule around support bubble change week
137,influencer reveal challenge launch fashion line amid
138,utilitys glade spring va plant go beyond provide meal medical staff ward johnston memorial hospital ballad health abingdon va utility plant manager sam cassell find humble emotional experience
139,joe biden apparently believe skin color major factor coronavirus vaccine distribution want prioritize brown black americanshttpstcohqrwxkdfnl
140,week member join highlight challenge face essentialworker case rise work together union member strengthen safety measure amp speak hazardpay brave worker earn listen
141,great accomplishment despite tough year leadershipmatter
142,pandemic people lose job save money group fandom also shamble hah
143,san francisco experience rise case do not take chance experience symptom contact healthcare provider get test do not healthcare sign get test
144,good news weekend club group ride return tier england provide follow ruleofsix information late guidance visit website info
145,listen generation owner talk company handle holiday pandemic food experience gift can not otherwise give holidaygift
146,congrat reappointment chair grateful tenacious leadership find funding relief program aid small business entrepreneur ever need ensure small business survive pandemic smallbiz
147,late datum show another reduction new case infection rate sadly rise want get tier asap new animation explain symptom get test
148,need blood constant you re able consider donate amp help save life
149,concerned you ve expose get test free tomorrow montbello high schoolsat dec high crown blvd denver co pmto learn please visit
150,next investigation erc reveal significant barrier test information nonenglishspeaking tester receive language interpretation call make obtain info testing
151,fightflu friday roll sleeve flu fighter like baltimore mayorelect flu likely spread wintermake important ever marylander get flu shotfind flu clinic
152,majority will not die seriously disproportionate will not die opposed total case do not mean treat seriously handle need lockdown
153,freedom
154,potential impact neurological function mental health mentalhealth brainhealthhttpstcoepzepnunyf
155,thank kind wordsyes I m awfully busy time year due professional requirement sadly also admit covid situation around drain since last two month often can not get post thing
156,day life consultant look like read lucy clist story start recent graduate breaking sector
157,nah ill pass
158,davidallengreen articulate unease court appeal reason dolan
159,testing unit relocate help might access transport
160,tonight amp join table discuss consequence president donald trump false election claim amp presidentelect joe biden plan economic recovery amp washweekpb
161,breaking say anyone county diagnose responsible tell everyone come close contactdetail
162,also half get covid point accord right wing logic do not need vaccine anyways
163,wem good place fowzie tell facebook zuckerbergtap link read covid httpstcoyumazwcucx
164,christmas travel essential reading travelupdate london uk university travel government dailybriefe
165,can not wait see behind bar ivankaforprison
166,beyond economic loss interruption pandemic cloud doubt hang institution never moment low confidence american museum
